1 465.308840
4 461.275969
5 457.749672
6 452.480916
8 452.440532
9 450.164218
10 446.307987
11 445.297436
12 443.259668
13 442.478285
14 434.738930
15 426.284503
18 424.116756
20 418.311129
25 410.381500
27 408.085918
28 407.692173
29 404.056488
31 400.177185
32 395.126844
35 389.024724
36 388.914099
38 388.349006
39 387.037796
40 381.509932
41 376.467961
46 372.682308
48 367.500424
53 360.994462
57 360.892255
59 360.877932
60 360.205288
61 353.800984
62 351.918443
64 350.435564
68 348.279027
69 345.995280
72 344.938636
75 340.561301
76 333.773545
82 332.338687
83 330.768449
87 326.302571
88 326.186767
89 325.826958
90 321.280979
92 320.148792
97 318.697384
98 318.423364
100 318.160836
